tmd_gravy tail_charge MITO PO ER target.prob
2.04       -3.1       0.41170409 0.03602695 0.55226896 ER        
1.19       -2.8       0.56719945 0.04885016 0.38395038 MITO      
2.07       -2.1       0.32841537 0.02667463 0.64491000 ER        
1.84       -2.1       0.37781423 0.02634859 0.59583718 ER        
1.04       -2.1       0.59813894 0.04715178 0.35470927 MITO      
2.25       -1.9       0.30688063 0.03193266 0.66118670 ER        
2.09       -1.8       0.30071303 0.02473531 0.67455165 ER        
3.07       -1.1       0.38893537 0.16490499 0.44615963 ER        
2.63       -1.1       0.30289622 0.06173274 0.63537104 ER        
2.45       -1.1       0.26497368 0.03841182 0.69661450 ER        
2.09       -1.1       0.24751112 0.02074249 0.73174640 ER        
2.09       -1.1       0.24751112 0.02074249 0.73174640 ER        
2.07       -1.1       0.25043479 0.02045710 0.72910812 ER        
1.96       -1.1       0.27614135 0.01891506 0.70494359 ER        
1.90       -1.1       0.29881583 0.01904729 0.68213688 ER        
1.71       -1.1       0.40996282 0.02067124 0.56936594 ER        
1.70       -1.1       0.41715586 0.02077445 0.56206970 ER        
1.62       -1.1       0.47674360 0.02157689 0.50167951 ER        
1.57       -1.1       0.51405027 0.02205941 0.46389032 MITO      
2.17       -0.8       0.22183795 0.02027445 0.75788761 ER        
1.83       -0.8       0.32370651 0.01782439 0.65846910 ER        
2.28       -0.6       0.21323850 0.02235301 0.76440850 ER        
1.44       -0.6       0.62809795 0.02037624 0.35152581 MITO      
2.31       -0.2       0.20051594 0.02059964 0.77888442 ER        
1.00       -0.1       0.72786561 0.03631391 0.23582049 MITO      
0.63       -0.1       0.58716938 0.09943296 0.31339766 MITO      
3.45       -0.1       0.42400030 0.22894557 0.34705413 MITO      
3.30       -0.1       0.42240310 0.20210586 0.37549104 MITO      
3.29       -0.1       0.42209469 0.19998549 0.37791982 MITO      
3.28       -0.1       0.42175239 0.19782634 0.38042127 MITO      
3.22       -0.1       0.41889206 0.18410693 0.39700101 MITO      
3.13       -0.1       0.41138877 0.16150383 0.42710740 ER        
3.09       -0.1       0.40654461 0.15093251 0.44252288 ER        
3.07       -0.1       0.40373109 0.14558066 0.45068825 ER        
2.96       -0.1       0.38261897 0.11691263 0.50046840 ER        
2.82       -0.1       0.34550230 0.08110008 0.57339762 ER        
2.78       -0.1       0.33204848 0.07331710 0.59463442 ER        
2.76       -0.1       0.32533615 0.06926720 0.60539665 ER        
2.73       -0.1       0.31504881 0.06351039 0.62144080 ER        
2.65       -0.1       0.28704351 0.05007267 0.66288381 ER        
2.59       -0.1       0.26642578 0.04180071 0.69177351 ER        
2.58       -0.1       0.26309012 0.04056638 0.69634350 ER        
2.58       -0.1       0.26309012 0.04056638 0.69634350 ER        
2.48       -0.1       0.23243738 0.03030015 0.73726246 ER        
2.48       -0.1       0.23243738 0.03030015 0.73726246 ER        
2.41       -0.1       0.21501571 0.02509700 0.75988729 ER        
2.40       -0.1       0.21286282 0.02446843 0.76266875 ER        
2.40       -0.1       0.21286282 0.02446843 0.76266875 ER        
2.40       -0.1       0.21286282 0.02446843 0.76266875 ER        
2.34       -0.1       0.20192877 0.02122541 0.77684582 ER        
2.31       -0.1       0.19782857 0.01991177 0.78225966 ER        
2.27       -0.1       0.19389951 0.01843986 0.78766064 ER        
2.22       -0.1       0.19164459 0.01699732 0.79135809 ER        
2.21       -0.1       0.19156988 0.01675658 0.79167353 ER        
2.20       -0.1       0.19162621 0.01653065 0.79184314 ER        
2.19       -0.1       0.19181613 0.01631910 0.79186477 ER        
2.19       -0.1       0.19181613 0.01631910 0.79186477 ER        
2.18       -0.1       0.19214235 0.01612149 0.79173616 ER        
2.08       -0.1       0.20278901 0.01401105 0.78319994 ER        
2.08       -0.1       0.20278901 0.01401105 0.78319994 ER        
2.06       -0.1       0.20701346 0.01390030 0.77908624 ER        
2.04       -0.1       0.21196332 0.01382866 0.77420801 ER        
2.04       -0.1       0.21196332 0.01382866 0.77420801 ER        
2.02       -0.1       0.21767269 0.01379448 0.76853284 ER        
2.00       -0.1       0.22417625 0.01379617 0.76202759 ER        
1.94       -0.1       0.24879133 0.01400016 0.73720851 ER        
1.94       -0.1       0.24879133 0.01400016 0.73720851 ER        
1.94       -0.1       0.24879133 0.01400016 0.73720851 ER        
1.90       -0.1       0.26975191 0.01428296 0.71596513 ER        
1.90       -0.1       0.26975191 0.01428296 0.71596513 ER        
1.87       -0.1       0.28797660 0.01455811 0.69746529 ER        
1.84       -0.1       0.30836118 0.01487481 0.67676401 ER        
1.79       -0.1       0.34695428 0.01545662 0.63758910 ER        
1.79       -0.1       0.34695428 0.01545662 0.63758910 ER        
1.72       -0.1       0.40923696 0.01626531 0.57449773 ER        
1.68       -0.1       0.44776271 0.01667158 0.53556571 ER        
1.68       -0.1       0.44776271 0.01667158 0.53556571 ER        
1.67       -0.1       0.45757058 0.01676469 0.52566474 ER        
1.63       -0.1       0.49696556 0.01710538 0.48592907 MITO      
1.62       -0.1       0.50676228 0.01718371 0.47605401 MITO      
1.60       -0.1       0.52616470 0.01733432 0.45650098 MITO      
1.60       -0.1       0.52616470 0.01733432 0.45650098 MITO      
1.57       -0.1       0.55452938 0.01755083 0.42791979 MITO      
1.51       -0.1       0.60708362 0.01799136 0.37492502 MITO      
1.49       -0.1       0.62300217 0.01815312 0.35884471 MITO      
1.46       -0.1       0.64513865 0.01842182 0.33643953 MITO      
1.31       -0.1       0.72191884 0.02064712 0.25743403 MITO      
1.23       -0.1       0.74076911 0.02282987 0.23640102 MITO      
1.18       -0.1       0.74575373 0.02471452 0.22953175 MITO      
1.16       -0.1       0.74641260 0.02560289 0.22798450 MITO      
1.01       -0.1       0.73013144 0.03542117 0.23444739 MITO      
3.53        0.0       0.42266261 0.24061911 0.33671828 MITO      
2.42        0.0       0.21558862 0.02494764 0.75946374 ER        
1.89        0.0       0.27526789 0.01408737 0.71064474 ER        
1.84        0.0       0.30884478 0.01462544 0.67652978 ER        
1.59        0.0       0.54087542 0.01725382 0.44187075 MITO      
1.46        0.0       0.65124656 0.01828732 0.33046612 MITO      
3.00        0.1       0.39731311 0.12432844 0.47835845 ER        
2.59        0.1       0.26669493 0.03962071 0.69368436 ER        
2.57        0.1       0.25963066 0.03727226 0.70309708 ER        
2.41        0.1       0.21204976 0.02356500 0.76438524 ER        
2.41        0.1       0.21204976 0.02356500 0.76438524 ER        
2.41        0.1       0.21204976 0.02356500 0.76438524 ER        
2.34        0.1       0.19822816 0.01989287 0.78187897 ER        
2.17        0.1       0.18774882 0.01412198 0.79812920 ER        
1.16        0.1       0.75722530 0.02557667 0.21719803 MITO      
2.89        0.2       0.37537764 0.09314399 0.53147837 ER        
2.89        0.2       0.37537764 0.09314399 0.53147837 ER        
1.33        0.4       0.74286872 0.02072990 0.23640138 MITO      
3.60        0.9       0.43075727 0.24358859 0.32565415 MITO      
2.88        0.9       0.40881189 0.08150913 0.50967898 ER        
2.87        0.9       0.40575250 0.07916747 0.51508003 ER        
2.82        0.9       0.38817943 0.06917800 0.54264257 ER        
2.68        0.9       0.32979958 0.04482376 0.62537665 ER        
2.59        0.9       0.28918289 0.03354044 0.67727668 ER        
2.59        0.9       0.28918289 0.03354044 0.67727668 ER        
2.54        0.9       0.26762666 0.02862056 0.70375278 ER        
2.36        0.9       0.20795172 0.01732981 0.77471847 ER        
2.35        0.9       0.20575495 0.01694099 0.77730405 ER        
2.26        0.9       0.19162423 0.01347760 0.79489816 ER        
2.09        0.9       0.20216995 0.01187353 0.78595652 ER        
2.05        0.9       0.21280116 0.01198393 0.77521491 ER        
2.04        0.9       0.21602489 0.01203788 0.77193724 ER        
2.02        0.9       0.22318776 0.01217676 0.76463549 ER        
2.02        0.9       0.22318776 0.01217676 0.76463549 ER        
1.98        0.9       0.24051959 0.01257560 0.74690481 ER        
1.97        0.9       0.24550748 0.01269981 0.74179272 ER        
1.91        0.9       0.28123856 0.01363499 0.70512645 ER        
1.85        0.9       0.32713206 0.01483660 0.65803133 ER        
1.85        0.9       0.32713206 0.01483660 0.65803133 ER        
1.85        0.9       0.32713206 0.01483660 0.65803133 ER        
1.85        0.9       0.32713206 0.01483660 0.65803133 ER        
1.75        0.9       0.42350708 0.01706268 0.55943024 ER        
1.67        0.9       0.51039059 0.01868249 0.47092693 MITO      
1.67        0.9       0.51039059 0.01868249 0.47092693 MITO      
1.66        0.9       0.52127835 0.01886675 0.45985491 MITO      
1.66        0.9       0.52127835 0.01886675 0.45985491 MITO      
1.62        0.9       0.56392945 0.01956671 0.41650384 MITO      
1.59        0.9       0.59441587 0.02005877 0.38552536 MITO      
1.53        0.9       0.64966183 0.02099103 0.32934713 MITO      
1.25        0.9       0.78237020 0.02710358 0.19052622 MITO      
1.25        0.9       0.78237020 0.02710358 0.19052622 MITO      
1.23        0.9       0.78488910 0.02785350 0.18725740 MITO      
1.19        0.9       0.78775314 0.02956117 0.18268569 MITO      
1.14        0.9       0.78755740 0.03213810 0.18030449 MITO      
2.53        1.1       0.27329489 0.02714355 0.69956156 ER        
2.53        1.1       0.27329489 0.02714355 0.69956156 ER        
2.19        1.1       0.19563030 0.01239894 0.79197076 ER        
2.10        1.1       0.20637943 0.01206065 0.78155992 ER        
1.85        1.1       0.33831661 0.01581091 0.64587248 ER        
1.61        1.1       0.58696696 0.02182215 0.39121089 MITO      
1.95        1.8       0.31214067 0.02069680 0.66716253 ER        
0.77        1.9       0.71290472 0.08973761 0.19735767 MITO      
3.89        1.9       0.42302491 0.26110816 0.31586693 MITO      
3.89        1.9       0.42302491 0.26110816 0.31586693 MITO      
3.48        1.9       0.45726587 0.22116220 0.32157193 MITO      
3.11        1.9       0.50255936 0.13320408 0.36423656 MITO      
3.10        1.9       0.50293937 0.13054240 0.36651823 MITO      
3.01        1.9       0.50101886 0.10807949 0.39090165 MITO      
3.00        1.9       0.50041917 0.10549256 0.39408826 MITO      
2.98        1.9       0.49883603 0.10039919 0.40076478 MITO      
2.96        1.9       0.49672083 0.09542432 0.40785485 MITO      
2.96        1.9       0.49672083 0.09542432 0.40785485 MITO      
2.64        1.9       0.38772945 0.03889946 0.57337110 ER        
2.64        1.9       0.38772945 0.03889946 0.57337110 ER        
2.64        1.9       0.38772945 0.03889946 0.57337110 ER        
2.62        1.9       0.37761116 0.03670204 0.58568680 ER        
2.57        1.9       0.35212692 0.03181885 0.61605423 ER        
2.57        1.9       0.35212692 0.03181885 0.61605423 ER        
2.53        1.9       0.33213387 0.02850485 0.63936129 ER        
2.45        1.9       0.29551633 0.02330548 0.68117819 ER        
2.37        1.9       0.26644445 0.01977925 0.71377631 ER        
2.30        1.9       0.24856995 0.01699041 0.73443964 ER        
2.29        1.9       0.24683471 0.01680186 0.73636343 ER        
2.15        1.9       0.24437402 0.01701023 0.73861575 ER        
2.12        1.9       0.24925296 0.01733908 0.73340796 ER        
2.08        1.9       0.25914460 0.01804274 0.72281267 ER        
2.05        1.9       0.26922933 0.01877403 0.71199664 ER        
1.98        1.9       0.30215684 0.02117700 0.67666616 ER        
1.94        1.9       0.32704966 0.02298765 0.64996269 ER        
1.90        1.9       0.35627763 0.02509776 0.61862461 ER        
1.87        1.9       0.38085001 0.02685455 0.59229544 ER        
1.85        1.9       0.39836567 0.02809530 0.57353902 ER        
1.82        1.9       0.42610028 0.03003670 0.54386302 ER        
1.82        1.9       0.42610028 0.03003670 0.54386302 ER        
1.45        1.9       0.74428100 0.04621931 0.20949969 MITO      
1.43        1.9       0.75414958 0.04633931 0.19951111 MITO      
1.32        1.9       0.79300370 0.04673140 0.16026490 MITO      
1.30        1.9       0.79746828 0.04688039 0.15565132 MITO      
1.30        1.9       0.79746828 0.04688039 0.15565132 MITO      
1.30        1.9       0.79746828 0.04688039 0.15565132 MITO      
1.28        1.9       0.80119980 0.04708712 0.15171308 MITO      
1.28        1.9       0.80119980 0.04708712 0.15171308 MITO      
1.22        1.9       0.80825479 0.04815651 0.14358870 MITO      
1.15        1.9       0.80930516 0.05048023 0.14021462 MITO      
2.84        2.1       0.48770723 0.06946638 0.44282639 MITO      
2.56        2.1       0.36566267 0.03245176 0.60188556 ER        
1.52        2.2       0.71326972 0.05941486 0.22731542 MITO      
0.90        2.9       0.74980270 0.11045073 0.13974657 MITO      
2.94        2.9       0.54935707 0.10010505 0.35053788 MITO      
2.94        2.9       0.54935707 0.10010505 0.35053788 MITO      
2.94        2.9       0.54935707 0.10010505 0.35053788 MITO      
2.94        2.9       0.54935707 0.10010505 0.35053788 MITO      
2.94        2.9       0.54935707 0.10010505 0.35053788 MITO      
2.94        2.9       0.54935707 0.10010505 0.35053788 MITO      
2.66        2.9       0.48533622 0.05486428 0.45979950 MITO      
2.60        2.9       0.45871155 0.05007144 0.49121701 ER        
2.42        2.9       0.37854936 0.04023399 0.58121665 ER        
2.15        2.9       0.33575307 0.04724651 0.61700042 ER        
2.10        2.9       0.34479073 0.05246038 0.60274889 ER        
1.99        2.9       0.38542679 0.06965572 0.54491749 ER        
1.70        2.9       0.59640726 0.12383813 0.27975461 MITO      
1.66        2.9       0.62878338 0.12504799 0.24616863 MITO      
1.63        2.9       0.65175208 0.12468771 0.22356021 MITO      
1.28        2.9       0.78970570 0.10176981 0.10852449 MITO      
2.29        3.1       0.35900752 0.05070720 0.59028528 ER        
2.15        3.1       0.35327519 0.06308053 0.58364428 ER        
2.01        3.1       0.39064266 0.09008110 0.51927624 ER        
3.22        3.2       0.52317722 0.17034962 0.30647317 MITO      
2.07        3.2       0.37607021 0.08963380 0.53429599 ER        
2.63        3.4       0.50264971 0.07197678 0.42537351 MITO      
2.29        3.6       0.39167421 0.10061078 0.50771501 ER        
2.61        3.8       0.50477309 0.09960347 0.39562344 MITO      
2.07        3.9       0.34986425 0.28719612 0.36293963 ER        
1.99        3.9       0.34286477 0.35749232 0.29964291 PO        
1.93        3.9       0.33482161 0.41593067 0.24924771 PO        
1.93        3.9       0.33482161 0.41593067 0.24924771 PO        
1.86        3.9       0.32652840 0.47895775 0.19451386 PO        
1.86        3.9       0.32652840 0.47895775 0.19451386 PO        
1.54        3.9       0.32497492 0.60496550 0.07005958 PO        
1.95        4.1       0.27130081 0.51379718 0.21490201 PO        
1.92        4.1       0.26220299 0.54574230 0.19205470 PO        
1.37        4.1       0.26587334 0.68761273 0.04651393 PO        
1.27        4.1       0.31935905 0.62865761 0.05198334 PO        
1.58        4.2       0.17129643 0.78176765 0.04693592 PO        
1.43        4.6       0.08119578 0.89745425 0.02134997 PO        
1.43        4.6       0.08119578 0.89745425 0.02134997 PO        
2.06        4.9       0.10988666 0.76685389 0.12325945 PO        
1.27        4.9       0.07494651 0.90495079 0.02010270 PO        
1.23        4.9       0.08856470 0.88852458 0.02291072 PO        
2.37        5.1       0.24801079 0.51648644 0.23550278 PO        
1.90        5.1       0.04269807 0.91303867 0.04426327 PO        
1.67        5.2       0.02159678 0.96300371 0.01539951 PO        
2.13        6.9       0.02482086 0.94686195 0.02831719 PO        
